$ANSIBLE_VAULT;1.1;AES256
62326463333238653837323736613366343763386666643934353962306131636262666531616466
6530666634323061663333373436653061363639646539630a393531373130646638636365353737
34643631353664663463383139303233366232363435353865646136663130393938333538306465
3838383464363535350a653637613363353966643336323334376364653935343539356164613035
64613165613461343339633730613237326665343135656339656330333865346466646661336661
36636531613163373031306130643834623361316637653266636338626233366562613038313864
61323533633131353162363762303538633065613935346237383636396335626266386664313165
34383463316139663161643435633133383832333366306165376139376166303334353539326262
64396664333165633738623638653631393932393962656439623938303031353661336363373361
34363939386332343863626538633838333635623630346666653936333161653333653437396238
33313234653730313835643166633266343436363031663066626665353764623737396365653731
30346464383833353963663361626430366239356435313934346433323061353537653465653737
30343362663539366665316564333738373064396237363635643063396361316434646636393963
33663266363839613139323330323530366166383435336364376666386130383931633066363166
31353262393535656231366438336131353530333533313663333632656639646532363836366135
65343035306566613663656533626661356161313063303666353331653365316335646136313932
32666431396665396236353466623334646263353536646661353863323338373534626536613034
30353131393464656439356434633038323739306165306263633665353431303163623337366332
63373333346135656338353565643135653733623837346334393335316230663666656165313131
64613231646137646461343965656333626534636162373131323235386535363138616465353763
37653334376666343864356234323261653662646334383833303964646437633235326562306665
32663833633461343035653166353064616464323538353334373031343962353636383030653261
35323561306165343862636665376436356536353034666362626466633436303638363334623336
33383437363132366234323762313234396431333432383264373837353163613231613734653331
33636639393765613430386663336562613530636265623530353435616464313138356330363064
30306663376339353635306635323230353662313538373665366139623564313037376662303736
64333738313665346536613032666230383338363864643532373261333931643931633433336137
35366439633966366661643365666236633362366266623363313233306131653164333538656663
33633966643163323564613339326165333965303233303837353163383738323064316437363632
38383333633661323537633161363932333464633032343533376433333162663839373433393061
34616332616263656531653965383966356236353535623936386635643032376362663561356462
38383636353331383331323061393535396361623138636332313432643533386333373332353863
63326331363137643731326237303131333437656465343262373930303165353963353531666534
34613062323763613563386237323634303034343538326662393530303964613161613135623761
37626330653636326539633735383337373737373136306438646565383330643937346664373361
66373261323139363862633665323430303039623539643465633335633239336238383636356535
35643035653732643535343532343935363732633136313634366632623962376338633665303161
64663465343932346537393537353735343138343264656635366536393464353833383730353631
64323263663766383135316138303333376231646566613762616534326535383439656661313331
31376239613439646437313333326265616265303061623863346131666439333537343730643538
39616133366238386639363032303837343439386135313233643039636265623263356264343830
64623738633733633530323037353662623466653630646231316234343138666461356433343231
30623736646466346661643839346232386364663038343065303335393136363131313335386261
61646631323733363830373331373737623737623538363539666562336562343831343466396537
32373565373132366162646536313831333361643735346336356164333965356465366130326630
64313461363861333263333035333730623137333161386333353631353334303632373865396466
66663363616131646334616434303333626134623530386135363364643164313466666664346366
36636639613766346234356261373637363766346337633438613538313665343936316331313337
35336131643932643437633131623832616337303061393864303263363965363865323634636364
34666263346233343462383564663938343565643435633935623766326138393931396266313066
35643064613534373334336536653062366535313564343366326634343365393232646138383232
38363131666438616437656337323564316138333264386665363736313830386138333638653565
32666565393633316339383263316636313163396636393430383333653632346430313037636239
39616635386234623066353535373939366236373565363161323732663139613232636334326631
64646265666537306635306635313534303530363332613337613134396165616639373861306137
64613362636262313864646537623137333430393232363233616433366262613837376438383631
32666161346262623365643338386463373737336136383931396630393830626365656466393732
34356530326435393737356265363438626531613338653662363337303862336364386665393637
65343638303261363436316533383035373134613234653063613535383231353061626539626637
33353839313634316663353766346261303937613834613431303836363235383438376161313132
32393834653564663135656635356633303361316661663366343866356562386434326464396563
30666364613834313463353131396666616630666365366438326236393566313736383164366363
64343936313161646535326534353633383839656364653234336537653138396332626330366236
33623962616365366465633332353865333838366163636339613937633630633130363435386637
32376331633864626233613662316138373666613739623533623035313131316230346130343236
36326536633230316538396338363765373931363933373032653266613863303030616431613761
62656335343034653832643162306261663933323761383434643666626464326632633539363533
35373364323861356331373237373735613036393632323739303963316133303436663064623832
35333732663936653866303965363030613839356661643039396461396265613938643838636165
62643832303161636536303237363564616632326161336337663930653530663664656539323630
31336134363232386431666261353766383138386333383739336665623732623239393037333664
61356166653631363261383636366432633530366263333064313265306238326532373061353936
34383835623566373431643231333730633230376463323732323264656230653131343937306163
63306362656235323662633331326365323463396463346634373131646566333264386162316636
30363832656434623864653030646261373462363832653731373064323061613637656330626438
38323264616663323066613738333833616439623039623661386265386532353664303465626261
35636631636638643339623735653461653638316161636663666537363934643162643439386336
33646437626531306466646136613230366165376538656265313364643039633831323661626636
39313134373634366437373835323430323536313265623039343764383732376631383063643965
65626662666332303761366538653363323637353731623731633737356130343935373030666233
32613636376138653764613834376533643062643832393462656438613631356435353036663030
36303564663936393531323666346634386635323230666165663135356339373733353737373137
33656333303933396663396337353764326361376639663263613561646339356230323764643332
31393263646132633465343730386465376661653062386130643063303835393366656633343637
65346332663762363537373339636639386533313765616639646336646637326662383637636331
66626132323836313637663830386231366231313135313731366365356664306361646566386261
30333331343834373039313537626439353236363261366535633638313834306239666562343662
37613664323863353133323638326437323139366432653236383130396137393066633066316261
32356333633534346336393537343965333332616231373065386136646532353637386331303634
35643834646463636435323262346138623961373435373334633163303235653733356363613832
32616664366531326565356563393532333230656264616236333932653564353561616131663235
65346230363236396661616530616636373166343438303264363031333538323632303566326437
33373030623431343839363636323762333065386161306539333364343936636330643461303333
63393964386238383061323866643466666532393137613865376333323132343539306539633336
65656661323661663330343331386433313961303038643162333233386234653635633766653234
35316665633235323261303861616333326137623064306636623165616461316465366364383538
61363137653739313163303361623363373761363431313237386531386666353432636661376364
65623461636363643036643434656630663262346463303839326139383235656431646138343335
33386361346361343561383061333834353933313862393166376232323734323732646336383865
34373262643036666439356661313466316534613932663036613032353562636535333164353131
34336533383537383939306333346564663638643832363638643532633032623865333466333265
36396132323430646462666631373330623132356338383063383630383933396662653362646532
61663361633866643232323261333631636332363039343965313165646138316264663436313436
31376238623031353839353562633136316263383233313335633564636338376332356533363330
34656664653137356335663461633634303138633861313063383163336165356362643661656566
65663564343732353063613636366363333033366138386633343839306463366633306230313436
36343935386436316433633662643666323039623834363265656464613437336363653231653631
37366161346131303862646363353031363032313332313862353965373038306166653138666362
66383361363832376438306335396434643462633938326437396531643863393161353839383764
65316530353035366266616631323366306637646436396238303466383537373665373261336635
62613062623065636430613730393138643830383335343638343964396431626334396339643439
35346235326633363238333164643265616564323263626363626262333666356430643661646333
61316361363339333139613565383565623766373930393034316637383062323265623461323062
36316131363066636536363936663732613135303233623236323464666538636239616433366532
61383930623932333461616231643331633436386236353136383338386239633865666664643964
37353531343862633864346133313539656232623838363565323939303633663833343562303035
38623061363730653366353166383039666531313237363666303062366333373236376532626664
65363534663566653834663963356534643464303365373863346434643534393631316237323030
35323266356235373037363730303138386439653565636336326631646138316536383362613937
61616234393836663135353465626663313539353530373839323765646462373964643735613531
61313662613835613861343362376462646163623239633963333263663164366363313232643861
65656337636534333330313237346134653061363137626563633537393062653632623962663734
37613731313839303466393634303434623831376139346537316333616635616461303536336237
65653161633637613337643563663265306365336135626561643062613565303033623339393638
39623466336466383931623931393631626533363338303138633039326164356131623932323863
33366434313565646565343436303932626332373136613632343539303561613532363462656662
37316535633363663938383035636134313236393966633339656363393837396263633735383139
65653938396133313434633234666262646539633861653231386465393865323163303062663862
34663362656366333166663737663762663837353332353739643664323837373735353063306132
33333237306635303132613038613837633534386136656564373731363864333535333361363163
37353538616132636335393938393137616433306465393265326530353536306135383830333337
63343661636339396535633734306233616633353239383163633162306438356133363839623665
66663231663132383564636265386664613532343831393530626262333534336165333061633561
36666566393933643833343064623937626561323264383435346638636636616433636438336538
31353763363839366639363365633138303166383630643738336462616635303632326465393961
61633431666131373565343235633234396235653037646138333439643333353930633234613239
38656262646462323962343934343732656136653366336234336333663431373665326633633133
31313035306538643738393839663334393264373835636339356230343764663135623230646530
62363766616438353864343963366233376537383865626532623034313261623462663138643761
63623263663137356561366531343637653731353735316464633661306133356562363231623135
33666232333738313763613165333863643436633532383561323039623264363065376531326539
65633764306363316539636339303537376639613737323333316434393833663061313436646331
38393531393038323934366533323537633361363163313162316137333832623063356430633739
61393766633163303434306163353734666634313265313830623133353730343736393066303338
30353836326132656236336537303737623561653237323264356130383833383566653939373233
32613937313861386631393937663633376330303862303366366661666530626662653935653566
39316431353331643633353563303636376637636564393535326437353366613136393963333666
62303962366130633665393532653735303533323638623331373334373734303463393763303632
66666133376636396566306139373261303435643234656236323564613939666639323361646335
30353134343535323036633865643534326362623938396163326466643861343734306663303561
63666137316334353238336135626266316262393961373266396233633436363533373335623138
38616637623363323331323563316334366466663036353031653361616363613165356663343333
34633834326135633765336233633062333938363033396364643264303339623430333232396133
37306533373036333232383537376237336239393765623939313937386237326331376661643534
33616166626431346666313337376265653462633361623164643766306332363363653564613035
36393466663034626539326238323830643765383932306138363937326232613163336435353361
32366564373136333131336337346264313832656334386235663164366231616533656534393839
62643438343231303565616333623662366130313864653564326631396339353134356361313039
36346333653730653836363166623465363335396431383038663433353964313065373531666266
39333863666638326165666466393964666566656630616338393939373036663264393336336338
30633635363635633065303738363466356564643363353865326262323463343734393834663836
35643537373963363530326632353661636661343030616139363139386233646239393461663864
64313631636435643838343230313439343966663439333163666538393639373338376661386138
62663734386635313733356534353461356634346661316662666632343962353564366339306533
30623865333065396135666133396662633336653131333035303734643036663463323361343839
37613834333464396165386536613830313735636333323230633734623038353735386364653931
34343731623130393361616431653261336334353038663762626136346163383264306439363266
34356263646532326131633561623262643637613666376535346638356335303532393730393064
32333637663762663634623065343066653361613562303231633961373837333763363637313834
31353939353863353436636366383264343139656537386365313133356163616361313166626438
64353433333336353966333835373631366363613963343966366335623264306566326531316630
65636537323861346161363238396130373334636464373638323130343131373933396462626130
37343636373632383234353636346365326135373434316261396264326530663634
